868.6093
875.1440463
881.6775628
888.2098515
894.7409147
901.2707546
907.7993732
914.3267727
920.8529554
927.3779234
933.9016788
940.4242239
946.9455607
953.4656915
959.9846184
966.5023436
973.0188692
979.5341975
986.0483306
992.5612706
999.0730197
1005.58358
1012.092954
1018.601144
1025.108151
1031.613978
1038.118627
1044.622101
1051.124401
1057.62553
1064.125489
1070.624282
1077.121909
1083.618374
1090.113679
1096.607825
1103.100814
1109.59265
1116.083334
1122.572868
1129.061255
1135.548496
1142.034594
1148.519551
1155.003369
1161.48605
1167.967597
1174.448011
1180.927295
1187.405452
1193.882482
1200.358388
1206.833173
1213.306839
1219.779388
1226.250821
1232.721141
1239.190351
1245.658452
1252.125447
1258.591338
1265.056127
1271.519815
1277.982406
1284.443902
1290.904304
1297.363615
1303.821837
1310.278972
1316.735022
1323.18999
1329.643877
1336.096686
1342.548419
1348.999079
1355.448666
1361.897184
1368.344635
1374.79102
1381.236342
1387.680604
1394.123806
1400.565953
1407.007044
1413.447084
1419.886074
1426.324015
1432.760911
1439.196764
1445.631575
1452.065347
1458.498081
1464.929781
1471.360448
1477.790085
1484.218693
1490.646275
1497.072834
1503.49837
1509.922886
1516.346385
1522.768869
1529.190339
1535.610798
1542.030248
1548.448692
1554.866131
1561.282568
1567.698005
1574.112443
1580.525886
1586.938335
1593.349792
1599.76026
1606.169741
1612.578237
1618.985749
1625.392282
1631.797835
1638.202412
1644.606016
1651.008647
1657.410308
1663.811001
1670.210729
1676.609493
1683.007297
1689.404141
1695.800028
1702.194961
1708.588941
1714.981971
1721.374052
1727.765188
1734.155379
1740.544629
1746.932939
1753.320312
1759.70675
1766.092255
1772.476829
1778.860474
1785.243192
1791.624987
1798.005859
1804.385811
1810.764845
1817.142963
1823.520168
1829.896461
1836.271846
1842.646323
1849.019895
1855.392565
1861.764334
1868.135205
1874.505179
1880.874259
1887.242448
1893.609747
1899.976158
1906.341684
1912.706327
1919.070089
1925.432971
1931.794978
1938.156109
1944.516368
1950.875757
1957.234278
1963.591933
1969.948725
1976.304654
1982.659725
1989.013938
1995.367296
2001.719802
2008.071456
2014.422262
2020.772222
2027.121337
2033.469611
2039.817044
2046.16364
2052.509401
2058.854328
2065.198423
2071.54169
2077.88413
2084.225745
2090.566537
2096.90651
2103.245664
2109.584002
2115.921526
2122.258238
2128.594141
2134.929236
2141.263526
2147.597014
2153.9297
2160.261588
2166.592679
2172.922975
2179.25248
2185.581194
2191.909121
2198.236262
2204.562619
2210.888195
2217.212992
2223.537011
2229.860256
2236.182728
2242.50443
2248.825363
2255.14553
2261.464933
2267.783574
2274.101455
2280.418579
2286.734948
2293.050563
2299.365427
2305.679543
2311.992911
2318.305535
2324.617417
2330.928558
2337.238962
